95248.3814351
3101.60136918
8164.76368588
78071.7902786
79887.4165618
80693.6880702
36345.6488661
68627.2848476
75016.6256057
95610.991319
71200.6722862
15859.0434099
52230.5397323
48700.4196058
38013.5210453
77620.2882208
86199.3821402
75968.0377193
50586.4744018
88347.1032843
1947.15029381
27485.2840622
22924.1607112
63725.6418277
71444.5169008
78087.4335056
56703.309398
52684.5150752
69732.706808
22643.0847877
2948.68188045
49565.5067412
49562.2240308
2224.62536695
81388.959877
8918.75184232
13273.0076896
58760.8524946
73911.4498097
8390.61070665
6792.40036281
41225.0696257
63622.4684187
15473.3766613
30243.4525787
51157.3802927
24388.280236
9282.02463854
5179.35224643
62384.1805259
49935.9674817
55161.0544381
70185.6025375
72179.5828629
11110.2505973
51799.3714073
72946.1161703
87817.6983047
34312.2061959
76751.371709
42131.7060004
53140.4594065
32338.2989537
34041.1054685
78514.0138204
81538.9718257
43285.7659468
26697.4611978
67498.1060482
42179.887251
23177.8409594
57779.7659088
50301.1013377
76979.7355639
7125.91059637
56508.9362254
11434.1336044
62707.6844551
16642.1532016
32506.3947697
18602.9548986
79443.6577098
10165.9566849
18413.5934508
20845.2921884
75209.6747087
48860.2835691
72625.0305192
53770.0540453
62740.3319871
43540.0378726
2651.70306582
16861.8734984
1205.0966852
83914.6365654
40922.0241455
45654.575141
27277.0019597
99700.4222877
89108.1539822
95634.6569395
93516.0298345
9344.00331448
18297.1413471
76971.9874996
56834.1770349
33178.7081273
57697.0268194
81582.5287355
35004.2525082
17596.7087954
88882.5095669
38017.8189174
24871.4931096
31533.2875184
76164.9015505
68520.357439
92586.0693376
79283.0510769
89462.4182555
15624.1053589
85124.7664862
38996.3714777
82890.781624
72437.4924203
25034.4404844
76456.5531357
65574.0740125
2386.35509711
98702.5815647
27578.2871344
81022.2854927
38794.7366134
45153.463531
23681.9714682
56754.1498496
87199.2308126
74346.5753888
54124.3901665
76711.3463361
62147.8339782
41661.1431
60073.7719548
37259.3375444
78203.4551103
46181.5375728
72437.092875
78504.5689909
41696.8121453
16176.0128211
43312.1239204
59950.538875
80810.0864328
18415.1461117
30378.942956
10361.4266042
80206.973494
41436.3117965
46789.1605525
81945.054101
7565.37534577
85292.4910045
49555.7957614
2701.81538295
77215.502009
26308.3942984
75077.9837467
57608.3282012
97869.6248978
9740.20678834
16991.3405836
34474.4150018
96261.3668536
77005.3992331
22528.8524855
45208.5869991
61334.7932704
55278.3151746
85180.9640396
83133.8880885
77627.9467316
33627.4101613
34060.8540881
1731.3579154
23712.5541881
49685.5489086
18531.8741098
69033.9996806
48011.1658477
86549.3073025
85127.9018671
95608.4124899
13050.7160655
98534.1488242
60776.8698856
69152.1555247
81146.4046908
40334.791058
29611.7348157
23759.6695861
75095.7922798
32522.8472861
45239.7288041
46062.3551155
56954.2262378
26855.9101044
71237.4577671
1544.58447139
57184.2846821
87948.9288124
56461.1991121
18117.0754453
5413.16963699
77840.3311073
69017.3122435
82950.2811191
27748.2553181
66961.8609726
94715.4847216
8545.92460254
29145.9806338
19021.8166783
2988.44874507
66271.8188201
3942.8495928
99324.2691713
87038.1640245
67988.0271692
54916.2137585
82061.4731017
38793.6393149
18911.0761148
62352.313413
64268.4440398
55671.769477
73379.5985557
91822.7653526
23734.4468344
67113.8013949
72663.6820488
43660.1999752
94627.6503854
80587.2872854
25204.7444196
2622.23622225
16953.9310639
99360.112797
16156.6745447
80177.233753
49502.4762653
15207.9117966
90634.87865
67484.4381921
67649.5488992
17053.6389271
92238.1879986
72143.3922
72951.7363634
3084.98963225
74411.9033905
46257.9069713
25726.5957774
52714.6071827
34988.8194423
54361.2730868
70124.3074753
27897.9996071
53488.2237091
41070.5206852
94563.9537536
15210.4493192
70093.5194456
33491.8407485
53819.9377633
85603.6182204
26484.4144656
61288.0085191
20045.3690706
9188.46068467
26788.361281
74975.5426383
59135.4358132
21356.2664836
50254.447554
48216.2283362
55567.9589458
39222.9207459
51706.9429733
7603.61571881
92081.6831048
52290.2907043
30342.1484178
76227.4252554
18797.682386
75752.9050862
14599.727704
99355.0807525
77520.3393099
61228.2073097
9991.82330848
8072.44966299
39591.0440767
14037.5712331
10673.7531875
52932.712924
12968.9471004
34549.9597746
68365.18444
63531.1899892
76674.7047587
95917.2098252
81544.5151152
38912.7638755
73454.9815489
39836.4696462
82129.2413657
73385.748439
1062.56917653
46458.6871862
99690.6119025
87286.2100014
84885.8412742
98562.1641128
39551.044307
77715.7930251
1983.90516507
12990.9241344
82281.9319167
81781.6505986
57238.9733681
29826.1273735
37003.2716199
5417.70185024
52614.1343587
48192.5536447
40863.005781
32668.2706334
99023.1531284
85940.4641194
19405.4769426
90003.368369
81033.0696354
23588.3415883
79977.8180728
10040.2845051
5871.10009079
82123.397378
54902.1034307
33922.0382491
73107.5993726
41378.6575124
65482.3666958
54312.5319969
32650.9057788
27855.8256753
33507.8132714
51005.9189375
60255.9778438
25141.82097
31843.4469772
59914.8223121
75915.7746866
21014.0728448
2664.94377996
46346.1167906
5834.50778084
68541.2550323
78890.0011159
23701.4011172
7041.90765681
19714.8581235
40324.3790887
43404.2279074
2852.18294857
19093.9524389
46607.8531529
99771.7293324
9562.63986988
87914.6646084
82127.0821243
68552.5293777
15847.8603651
61209.2399952
77058.0124985
71206.2303153
20141.6288541
43435.4385731
49593.8600255
33013.5529246
59008.5151541
83772.6714918
71665.7493604
63931.8937927
17426.2943668
3874.7070022
7873.99639868
3649.7993345
82453.1532882
72387.9167804
44574.4189703
29492.8560088
87531.8813515
7952.45961123
47420.1866096
80812.3388883
72328.7180592
17460.2039728
78051.3524316
29937.8820662
98067.7683701
69139.7729738
5941.7287243
38023.318583
57934.9614228
83656.0796836
28629.7218097
14573.8432393
19027.2697776
31737.5650993
34585.1117125
28754.5956252
85323.8358549
67329.6136492
79193.5417584
50441.8215795
8738.2802668
92126.3257355
39290.2263362
67592.1467518
80565.1505617
68007.8463328
6136.81810886
6492.6636674
43691.8642323
12597.3799377
97712.6024107
541.502036886
71832.0737946
91638.7069802
93378.3381942
52735.6858251
11622.7847158
73616.2938085
70847.3391331
74570.9880567
47078.6806509
72415.2723672
98611.5866715
51.6971348275
57034.5571784
31349.9686546
20261.3104874
72627.8155445
52928.704154
70024.212329
50173.2037442
46835.2355439
63740.1526333
41270.378214
84548.6833454
7573.70845171
58305.5366521
16664.3131476
62828.5921855
87903.4231878
21272.1163519
89433.9897097
30325.7630582
35939.5431055
37734.3723173
23159.0226044
43213.7303625
79471.675264
87726.2791443
7472.34301137
97300.1257517
45396.1413093
29423.779934
46210.9740883
65926.4304324
39976.652373
15322.1528775
42226.0210128
18446.2879829
21955.7482436
54099.5724432
6974.025231
71836.1043649
39176.4902877
25736.7098974
98091.9357115
73299.7558274
21731.5736512
55828.2704197
21804.1191849
36524.012878
34423.0607943
4907.22721492
54368.6149484
55054.3598539
12270.7378694
11394.6736179
77217.2007248
88660.9277689
27877.5319952
18119.9372699
27021.2328945
59441.5753531
36120.4467701
33635.9650738
97025.250025
20695.8239345
35522.5623836
96072.3486089
6439.78203376
51351.4062351
18356.204597
68384.4518294
20255.3145055
23311.0287171
34300.4435356
17973.812133
92105.4365876
97705.8627275
1043.37791923
50290.3587808
33594.838778
61774.2696027
23117.8253404
8606.97910141
82753.1243096
20590.3404211
31995.3900938
88115.9073474
20409.6432182
4449.63114309
56169.3704119
6996.67375971
23970.2421794
19904.2810833
80096.8270195
16925.1592322
34876.8478264
25631.9324951
89793.2848667
2900.50484301
47138.2446416
28964.7514477
30049.1348091
10116.3073947
2823.23603491
35627.796854
56018.4796028
48993.659698
57000.6092838
50201.5834272
87103.1580275
26483.444154
23168.7424106
73538.4920715
10970.2723011
60244.4099226
42978.0463683
97070.7245119
12244.3287069
27915.1524613
30767.8948612
94859.9811086
62800.234606
51528.4794319
97531.4083828
20952.3816323
37742.8535407
54887.8758836
43253.3622944
17599.0037324
45707.0495562
71635.1208029
43762.8103098
56624.0446641
53972.5843146
77357.9081737
22750.7894765
35952.8008916
79211.4390171
8588.9780668
23398.4297403
64968.9807331
20281.1054321
677.538686588
73328.4206395
69216.4814198
92446.0892536
19265.9373025
42042.7472537
2768.27059795
6623.59617245
68433.4125677
59836.415353
12141.9792691
21126.8054549
77932.3339966
69781.6049311
87999.2622267
70362.083363
1963.28216371
71115.2731214
59760.0872468
61863.4222282
56577.9955498
280.078502357
49910.3706345
21538.1138192
35509.8683246
14879.8178971
39179.9694634
95364.3349172
47862.5768017
6279.07138142
32333.2324821
1188.0845625
42760.6891846
83635.8928671
25416.7101964
13012.9514228
86801.1902595
46721.2801055
90276.4812304
36683.8324478
53881.1226854
28659.2932525
87062.0978023
79085.3555819
75854.5150974
22513.6445224
24564.2399523
55016.2904771
99691.804187
74295.0623456
56077.8789519
2131.49061316
86367.1483453
63741.955872
55262.5912094
78626.9302514
18491.352431
33417.0245537
15424.9324879
86878.9794685
2003.90200392
72695.6431832
48451.2075247
82324.2526713
20626.2048912
50691.3910768
1378.01420019
97642.9200288
5172.56989063
23913.0218842
1515.50325785
98290.1577447
70715.3332808
47519.4973804
80754.6180895
19285.8780054
21608.1336141
35671.8353059
11469.5425323
37065.69868
59915.1011581
98149.8889626
79101.6581231
34729.6165697
6094.24662719
61210.7481557
72954.3984082
39876.8377069
87615.7854292
16505.421968
19539.0680673
9285.98328197
36063.532626
83284.9958218
68425.7636175
50787.9363696
67795.6947941
30007.1369853
15796.5243048
34451.9468174
75745.4607234
77424.3998052
9834.26330745
94787.3341054
60133.0201199
96224.7397628
74865.3267608
31421.3501576
73301.7455699
96085.5121007
47751.1450775
1663.20592265
33428.4530072
72545.6488505
47445.251679
22655.7633101
91973.0038373
71018.9425169
91356.9202708
25679.4330964
45779.0121148
44853.6239446
47896.3723278
66665.0583068
61168.4537234
72899.5193334
26991.748706
38723.3171686
54427.7841592
32619.4328789
5676.42686836
55295.6187419
46154.3639138
67568.183594
78017.228656
3391.18379138
10081.1142001
66362.2979108
5393.65249829
56519.8314904
79665.373321
32997.4811627
32741.0588632
26754.7997877
36595.1206994
43193.8415647
4848.80153444
2122.20277599
78423.3237423
29955.1716204
56207.4415227
40750.9892065
9057.80671204
542.575870137
63715.1405318
38833.3483944
76037.7608303
4806.2293207
93481.34797
57402.1481614
50091.6566979
50635.1418453
29531.0287957
98283.651509
44192.2618221
94228.7698981
15305.0073995
26687.2904715
60246.4641076
76459.0192252
36159.2364298
92082.2816876
22184.4822964
65881.8170823
95301.303973
69472.7780845
92426.6181007
7556.78382523
95538.3493421
51410.3629986
39424.4436773
82797.5353646
14568.4792409
21579.5270987
68009.5091537
82261.1466168
60863.8802999
5262.71925395
66515.8182865
66143.2860795
91282.4337265
23271.2406367
93235.8799907
18387.3001475
58666.1372628
71953.3806378
50540.5584899
27533.9869817
48035.6091761
29726.2685193
26690.0525953
84978.1432058
59110.617873
98392.9552536
87478.5213977
73941.3467364
21720.6204443
96903.0567017
70227.2338071
22139.2686697
98354.0145297
70844.7925258
57784.2429594
87595.1965891
56741.1448794
7191.75505566
16598.7719027
25174.7098403
84799.1176622
20352.6041432
33328.8410784
55068.1317419
34416.0016655
94479.4501996
42306.3556961
51563.2203371
29315.6779326
75100.2961301
76621.5612571
14127.1623165
4996.16385519
88838.2527378
22722.5059461
67472.2418633
90077.348416
60587.1124281
24007.8694642
13747.4977308
72322.0118741
12485.1650411
57597.8730228
15797.8529039
61173.1938376
24571.5311326
78697.3586033
18825.4195295
7571.89610972
6011.66796021
10341.6893938
30229.2547328
91337.285677
79135.6404664
59422.2314348
52456.6270116
99056.4490202
31264.0647721
99967.3599753
73690.3737647
47689.2748302
33879.7808315
43940.3077413
99005.1411349
42938.346112
26521.4055624
55302.4601355
92362.8554492
41652.8275641
34297.7418545
67853.3227883
39470.9445731
71571.4814787
657.741918848
40551.3408335
1858.53167382
71679.6414024
40178.5426341
65449.0842786
30914.3807688
26793.8250239
85450.6540494
67236.352528
82593.8766594
54412.9567103
37177.6778169
80196.5843039
92622.3777388
53990.8658914
98748.5200624
81918.3578295
67377.4778705
31279.889797
26706.2935643
63149.2572394
46510.5639455
57363.8414279
18043.861748
51195.6965164
295.119151576
54532.6045094
11380.8312878
87536.3126672
63791.0753603
13983.9894702
67275.8703647
78683.2174716
59788.6331348
28671.2028124
70143.0146674
13573.440774
69230.9474446
52042.2003488
9773.74293213
22310.7186844
96935.5802963
56321.9326542
38436.4665872
74147.4997635
52411.0026845
81915.2391059
44449.3180282
56756.8045247
72568.5078029
81082.36298
6321.88550913
61658.4199411
27594.3085101
40449.726483
8922.82311239
51295.1334267
83557.9706043
45142.6664685
98819.5925877
95434.7991261
82560.2565133
30571.8759977
83015.1389591
76677.703498
90946.6272526
72975.0687072
2013.76410586
64410.7307113
32371.6294045
79257.9459327
64320.4061993
27866.5024889
56265.4646862
44641.3241069
27844.9659698
33985.187696
80557.5024656
43946.6958441
12613.627957
97230.7681234
31992.0081149
8203.94454496
5460.04801369
3376.53853777
68241.8649115
81981.8976056
24346.103934
82740.7877638
87114.1342424
5378.5972715
39354.5128339
65918.4994903
61094.5543261
68171.2026268
57081.8005846
13141.0937206
65435.6672342
82353.9083791
28212.3913275
7581.70885528
15661.2548851
325.003578523
4848.15191813
23034.2949428
4652.76864965
47244.3926358
78324.5272732
61694.9696171
42983.7945637
80347.0088755
92402.180436
40960.3072479
12615.793179
56068.0608401
11671.4160326
45868.1249958
86619.8149689
43551.7937643
92069.5235971
72278.1803489
19211.0302422
93380.1230528
77803.8082409
44585.675065
80607.5201263
384.732509202
7124.99484951
66547.8214444
50829.5784995
51569.8480765
29287.233643
11653.8779366
90432.5869165
7277.97371375
38531.0151386
37188.4576045
64283.8042395
31696.4078824
